a,b,c,d,e,f,g,h,i,j,k
2,0,0,0,0,0,0,1,1,1,1
2,0,0,0,0,0,1,1,1,1,1
4,0,1,1,0,1,1,1,1,1,1
4,0,0,1,0,1,1,1,1,1,1
3,0,0,2,1,1,1,1,0,1,1
2,0,0,3,0,1,0,1,1,1,1
4,0,0,4,0,1,1,1,1,1,1
3,0,0,5,1,2,1,1,0,1,1
3,0,0,6,0,0,1,1,1,1,1
5,0,0,7,2,1,1,1,1,1,1
4,0,2,0,0,1,1,1,1,1,1
4,0,2,8,0,1,1,1,1,1,1
4,1,2,8,0,1,1,1,1,1,1
3,0,0,4,0,1,1,1,1,1,1
2,0,2,9,0,0,1,1,1,1,1
2,0,0,4,0,1,1,1,1,1,1
4,0,0,7,2,1,1,1,1,1,1
4,0,0,4,0,1,1,1,1,1,1
3,0,0,3,0,1,1,1,1,1,1
3,0,2,1,0,1,1,1,1,1,1
4,0,0,10,0,0,1,1,1,1,1
4,0,0,4,0,1,1,1,1,1,1
3,0,3,8,0,1,1,1,1,1,1
3,0,2,6,0,1,1,1,1,1,1
4,0,2,8,0,1,1,1,1,1,1
3,0,0,10,0,0,1,1,1,1,1
3,0,0,11,0,1,1,1,1,1,1
3,0,0,4,0,1,1,1,1,1,1
4,0,4,12,1,1,1,1,1,0,1
4,0,0,4,0,1,1,1,0,1,1
2,0,0,8,0,1,0,1,1,1,1
5,0,0,4,0,1,1,1,1,1,1
4,0,2,8,0,1,1,1,1,1,1
4,0,2,7,2,1,1,1,1,1,1
2,0,0,4,0,1,1,1,1,1,1
3,0,1,4,0,1,1,1,1,1,1
5,0,1,4,0,1,1,1,1,1,1
4,0,1,4,0,1,1,1,1,0,1
2,0,2,4,0,1,1,1,1,1,1
2,0,0,4,0,1,0,1,1,1,1
3,0,0,4,0,1,1,1,0,1,1
3,0,0,3,0,1,1,1,1,1,1
4,0,0,4,0,1,1,1,0,1,1
3,1,0,4,0,1,1,1,1,1,1
3,0,2,3,0,1,1,1,1,1,1
3,0,3,13,1,1,1,1,1,1,1
2,0,0,3,0,1,1,1,1,1,1
4,0,0,4,0,1,1,1,1,1,1
6,0,0,8,0,1,1,1,1,1,1
3,0,0,7,2,1,1,1,1,1,1
4,0,0,7,2,1,1,1,1,1,1
4,0,0,14,2,1,1,1,1,1,1
3,0,0,13,1,3,1,1,1,0,1
2,0,2,4,0,1,1,1,1,1,1
4,0,2,10,0,0,1,1,1,1,1
2,0,0,15,2,0,1,1,0,1,1
3,0,2,8,0,1,1,1,1,1,1
4,0,0,0,0,1,1,1,1,1,1
3,0,2,4,0,1,1,1,1,1,1
3,0,2,16,0,1,1,1,1,1,1
4,0,0,11,0,0,1,1,1,1,1
2,0,0,4,0,1,1,1,1,1,1
2,0,1,4,0,1,1,1,0,1,1
3,0,0,4,0,1,1,1,1,1,1
2,0,0,13,1,1,1,1,0,1,1
3,0,3,17,0,1,1,1,0,1,1
4,0,0,6,0,1,1,1,1,1,1
3,0,2,3,0,0,1,1,1,1,1
4,0,2,6,0,1,1,1,1,1,1
3,0,2,4,0,1,1,1,1,1,1
4,0,0,4,0,1,1,1,1,1,1
3,0,0,3,0,1,1,1,1,1,1
4,0,0,7,2,1,1,1,1,1,1
3,0,0,3,0,1,1,1,0,1,1
4,0,0,8,0,1,1,1,1,1,1
5,0,0,4,0,1,1,1,1,1,1
3,0,0,7,2,1,1,1,1,1,1
4,0,0,9,0,1,1,1,1,1,1
4,0,0,4,0,1,1,1,1,1,1
3,0,0,6,0,0,1,1,1,1,1
4,0,0,13,1,3,1,1,1,1,1
4,0,0,4,0,1,1,1,1,1,1
2,0,4,18,1,1,1,1,0,0,1
2,0,0,4,0,1,1,1,1,1,1
3,0,0,3,0,1,1,1,0,1,1
3,0,0,8,0,1,0,1,1,1,1
4,0,1,4,0,1,1,1,1,1,1
3,0,0,11,0,0,1,1,1,1,1
3,0,0,4,0,1,1,1,0,1,1
4,0,0,4,0,1,1,1,1,1,1
3,0,0,9,0,0,1,1,1,0,1
4,0,0,7,2,1,1,1,1,1,1
3,0,0,4,0,1,1,1,1,1,1
4,0,0,1,0,1,1,1,1,1,1
3,0,0,7,2,1,1,1,1,1,1
4,0,2,4,0,1,1,1,1,1,1
4,0,0,8,0,1,1,1,1,1,1
6,0,0,3,0,0,1,1,1,1,1
5,0,0,19,2,1,1,1,1,1,1
4,0,0,11,0,0,1,1,1,1,1
2,1,0,1,0,1,1,1,0,1,1
3,0,0,4,0,1,1,1,1,1,1
4,0,0,15,2,1,1,1,1,1,1
6,0,2,10,0,0,1,1,1,1,1
4,0,0,12,1,1,1,1,1,1,1
3,0,0,1,0,1,1,1,0,1,1
4,0,0,9,0,1,1,1,1,1,1
4,0,2,4,0,1,1,1,1,1,1
3,0,2,1,0,1,1,1,1,1,1
4,0,2,7,2,1,1,1,1,1,1
4,0,2,10,0,0,1,1,1,1,1
6,0,2,4,0,1,1,1,1,1,1
3,0,0,0,0,1,1,1,1,1,1
4,0,1,4,0,1,1,1,1,1,1
3,0,1,4,0,1,1,1,1,1,1
4,0,2,11,0,0,1,1,1,1,1
3,0,0,11,0,0,1,1,1,1,1
3,0,2,7,2,1,1,1,1,1,1
4,0,0,4,0,1,1,1,1,1,1
2,0,0,1,0,1,1,1,1,1,1
4,0,0,11,0,0,1,1,1,1,1
3,0,2,4,0,1,1,1,1,1,1
4,0,0,11,0,0,1,1,1,1,1
5,0,0,1,0,1,1,1,1,1,1
3,0,0,20,3,1,1,1,0,1,1
4,0,0,21,1,1,1,1,1,1,1
3,0,2,4,0,1,1,1,1,1,1
2,0,3,8,0,1,1,1,0,1,1
3,0,0,10,0,0,1,1,1,1,1
5,0,2,12,1,1,1,1,1,1,1
4,0,0,13,1,1,1,1,1,1,1
4,0,2,4,0,1,1,1,1,1,1
3,0,0,4,0,1,1,1,1,1,1
4,1,0,8,0,1,1,1,1,1,1
2,0,2,4,0,1,1,1,1,1,1
5,1,0,10,0,0,1,1,0,1,1
3,0,0,6,0,1,1,1,1,1,1
4,0,0,4,0,1,1,1,1,1,1
2,0,0,6,0,0,1,1,1,1,1
3,0,0,22,0,1,1,0,0,1,1
3,0,0,4,0,1,1,1,1,1,1
3,0,0,9,0,0,1,1,1,1,1
3,0,2,10,0,0,1,1,0,1,1
4,0,0,4,0,1,1,1,1,1,1
3,0,0,23,1,1,1,1,0,1,1
4,0,0,10,0,0,1,1,1,1,1
4,0,2,11,0,1,1,1,1,1,1
3,0,2,8,0,1,1,1,1,1,1
3,0,1,4,0,1,1,1,1,1,1
4,0,0,8,0,1,1,1,1,1,1
5,0,1,4,0,1,1,1,1,1,1
3,0,0,6,0,0,1,1,1,1,1
2,0,2,6,0,0,1,1,1,1,1
2,0,0,18,1,1,1,1,0,1,1
3,0,0,4,0,1,1,1,1,1,1
3,0,2,4,0,1,1,1,1,1,1
3,0,2,4,0,1,1,1,1,1,1
3,0,2,4,0,1,1,1,1,1,1
3,0,2,4,0,1,1,1,1,1,1
4,0,0,13,1,1,1,1,1,1,1
3,0,0,4,0,1,1,1,1,1,1
3,0,0,4,0,1,1,1,1,1,1
5,0,3,8,0,1,1,1,1,1,1
3,0,2,6,0,1,1,1,1,1,1
3,0,0,8,0,1,1,1,1,1,1
4,0,2,3,0,1,1,1,1,1,1
3,0,2,4,0,1,1,1,1,1,1
3,0,2,4,0,1,0,1,1,1,1
5,0,0,20,3,1,1,1,0,1,1
5,0,0,4,0,1,1,1,1,1,1
3,0,2,1,0,1,1,1,1,1,1
5,0,0,11,0,0,1,1,1,1,1
4,0,0,8,0,1,1,1,1,1,1
2,0,2,24,0,3,1,1,1,1,1
3,0,0,3,0,0,1,1,1,1,1
4,0,0,0,0,1,1,1,1,1,1
4,0,0,8,0,1,1,1,1,1,1
4,0,2,4,0,1,1,1,1,1,1
2,0,2,9,0,0,1,1,1,1,1
4,0,1,4,0,1,1,1,1,1,1
4,0,0,3,0,0,1,1,1,1,1
3,0,0,4,0,1,1,1,1,1,1
4,0,0,25,0,0,1,1,1,1,1
3,0,2,26,0,1,1,1,1,1,1
5,0,0,1,0,1,1,1,1,1,1
3,0,0,4,0,1,1,1,0,1,1
3,0,2,4,0,1,1,1,1,1,1
4,0,2,7,2,1,1,1,1,1,1
3,0,0,4,0,1,1,1,1,1,1
3,0,0,8,0,1,1,1,1,1,1
6,0,0,4,0,1,1,1,1,1,1
3,0,0,8,0,1,1,1,1,1,1
3,0,0,1,0,1,1,1,1,1,1
4,0,0,1,0,1,1,1,1,1,1
3,0,0,1,0,1,1,1,1,1,1
4,0,0,1,0,1,1,1,1,1,1
4,0,0,8,0,1,1,1,1,1,1
5,0,0,1,0,1,1,1,1,1,1
5,0,0,8,0,1,1,1,1,1,1
3,0,0,10,0,1,1,1,1,1,1
3,0,2,7,2,1,1,1,1,1,1
3,0,0,3,0,0,1,1,0,1,1
3,0,2,4,0,1,1,1,1,1,1
3,0,0,4,0,1,1,1,1,1,1
5,0,0,4,0,1,1,1,1,1,1
3,0,0,4,0,1,1,1,1,1,1
4,0,0,8,0,1,1,1,1,1,1
4,0,0,7,2,1,1,1,1,1,1
3,0,0,8,0,1,1,1,0,1,1
4,0,0,4,0,1,1,1,1,1,1
3,0,2,4,0,1,1,1,1,1,1
3,0,2,10,0,0,1,1,1,1,1
3,0,2,4,0,1,1,1,1,1,1
5,0,0,4,0,1,1,1,1,1,1
3,0,2,4,0,1,1,1,1,1,1
3,0,1,4,0,1,1,1,1,1,1
4,0,0,4,0,1,1,1,1,1,1
5,0,0,4,0,1,1,1,1,1,1
2,0,2,4,0,1,0,1,1,1,1
3,0,0,4,0,1,1,1,1,1,1
5,0,0,19,2,1,1,1,0,1,1
5,0,0,1,0,1,1,1,0,1,1
4,0,0,11,0,1,1,1,0,1,1
3,0,0,0,0,1,1,1,0,1,1
5,0,0,27,1,1,1,1,0,1,1
4,0,0,1,0,1,1,1,1,1,1
3,0,2,4,0,1,1,1,1,1,1
5,0,0,0,0,0,1,1,1,1,1
3,0,2,4,0,1,1,1,1,1,1
5,0,2,4,0,1,1,1,1,1,1
3,0,2,4,0,1,1,1,1,1,1
3,0,0,24,0,3,1,1,1,1,1
4,0,0,11,0,0,1,1,1,1,1
4,0,0,6,0,0,1,1,1,1,1
2,0,0,4,0,1,0,1,0,1,1
3,0,2,9,0,0,1,1,1,1,1
4,0,0,8,0,1,1,1,1,1,1
3,0,0,4,0,1,1,1,1,1,1
4,0,2,28,2,0,1,1,1,1,1
3,0,0,4,0,1,1,1,1,1,1
4,0,0,7,2,1,1,1,1,1,1
3,0,0,8,0,1,1,1,1,1,1
3,0,0,8,0,1,1,1,1,1,1
4,0,0,8,0,1,1,1,1,1,1
4,0,0,8,0,1,1,1,1,1,1
3,0,0,8,0,1,1,1,1,1,1
4,0,2,17,0,1,1,1,1,1,1
4,0,2,4,0,1,1,1,1,1,1
3,0,0,7,2,1,1,1,1,1,1
3,0,2,7,2,1,1,1,1,1,1
2,0,2,3,0,1,1,1,1,1,1
4,0,0,4,0,1,1,1,1,1,1
3,0,2,3,0,0,1,1,1,1,1
3,0,0,4,0,1,1,1,1,1,1
4,0,0,13,1,1,1,1,1,1,1
4,0,0,4,0,1,1,1,1,1,1
3,0,2,7,2,1,1,1,1,1,1
3,0,0,16,0,1,1,1,1,1,1
3,0,2,4,0,1,1,1,1,1,1
4,0,1,4,0,1,1,1,0,1,1
3,0,1,4,0,1,1,1,1,1,1
4,0,2,4,0,1,1,1,1,1,1
3,0,1,4,0,1,1,1,1,1,1
3,0,0,8,0,1,1,1,1,1,1
3,0,2,4,0,1,1,1,1,1,1
4,0,1,13,1,1,1,1,1,1,1
3,0,0,23,1,4,1,1,0,1,1
6,0,0,11,0,0,1,1,1,1,1
4,0,0,4,0,1,1,1,1,1,1
3,0,0,11,0,0,1,1,1,1,1
4,0,0,11,0,0,1,1,1,1,1
3,0,0,7,2,1,1,1,0,1,1
4,0,0,29,1,1,1,1,1,1,1
3,0,1,4,0,1,1,1,1,1,1
4,0,2,1,0,1,1,1,1,1,1
3,0,2,3,0,1,1,1,1,1,1
3,0,0,4,0,1,1,1,1,1,1
3,0,2,4,0,1,1,1,1,1,1
4,0,2,3,0,1,1,1,1,1,1
4,0,0,17,0,2,1,1,1,1,1
3,0,0,23,1,4,1,1,0,1,1
4,0,0,19,2,1,1,1,0,1,1
4,0,0,15,2,1,1,1,0,1,1
3,0,0,16,0,3,1,1,0,1,1
3,0,0,13,1,1,1,1,1,1,1
3,0,0,4,0,1,1,1,1,1,1
5,0,1,4,0,1,1,1,1,1,1
4,0,0,8,0,1,1,1,1,1,1
2,0,0,3,0,1,0,1,1,1,1
3,0,0,4,0,1,1,1,1,1,1
4,0,0,4,0,1,1,1,1,1,1
2,0,2,4,0,1,0,1,1,1,1
3,0,0,4,0,1,1,1,1,1,1
2,0,0,8,0,1,1,1,0,1,1
3,0,0,4,0,1,1,1,1,1,1
3,0,3,8,0,1,1,1,1,1,1
5,0,2,4,0,1,1,1,1,1,1
6,0,0,9,0,1,1,1,1,1,1
4,0,0,12,1,1,1,1,1,1,1
4,0,0,4,0,1,1,1,1,1,1
3,0,0,4,0,1,1,1,1,1,1
3,0,0,4,0,1,1,1,1,1,1
5,0,0,0,0,1,1,1,1,1,1
3,0,2,4,0,1,1,1,1,1,1
2,0,2,3,0,1,1,1,1,1,1
3,0,0,16,0,1,1,1,1,1,1
4,0,0,0,0,0,1,1,1,1,1
4,0,1,4,0,1,1,1,1,1,1
3,0,0,4,0,1,1,1,1,1,1
2,0,0,5,1,1,1,1,0,1,1
3,0,0,3,0,1,1,1,0,1,1
2,0,0,3,0,1,1,1,1,1,1
4,0,2,3,0,0,1,1,1,1,1
2,0,2,3,0,1,0,1,1,1,1
2,0,2,3,0,1,1,1,1,1,1
3,0,2,16,0,1,1,1,1,1,1
5,0,1,13,1,1,1,1,1,1,1
4,0,1,11,0,1,1,1,0,0,1
2,0,2,3,0,1,1,1,1,1,1
4,0,0,18,1,3,1,1,0,1,1
3,0,2,3,0,0,1,1,1,1,1
3,0,2,6,0,0,1,1,1,1,1
3,0,0,4,0,1,1,1,1,1,1
3,0,0,15,2,0,1,1,0,1,1
3,0,0,16,0,1,1,1,1,1,1
3,0,0,7,2,1,1,1,1,1,1
4,0,0,7,2,1,1,1,1,1,1
3,0,2,4,0,1,1,1,1,1,1
5,0,0,4,0,1,1,1,1,1,1
3,0,2,11,0,0,1,1,1,1,1
4,0,2,4,0,1,1,1,1,1,1
3,0,0,4,0,1,1,1,1,1,1
5,0,0,30,1,1,1,1,1,1,1
3,0,0,7,2,1,1,1,1,1,1
4,0,1,18,1,1,1,1,0,1,1
4,0,0,4,0,1,1,1,1,1,1
5,0,0,4,0,1,1,1,1,1,1
3,0,0,23,1,1,1,1,0,1,1
5,0,0,16,0,1,1,1,1,1,1
3,0,3,4,0,1,1,1,1,1,1
5,0,0,8,0,1,1,1,1,1,1
3,0,2,4,0,1,0,1,1,1,1
5,0,0,7,2,1,1,1,1,1,1
4,0,0,9,0,1,1,1,1,1,1
5,0,0,4,0,1,1,1,1,1,1
4,1,0,11,0,1,1,1,0,1,1
5,0,0,4,0,1,1,1,1,1,1
4,0,2,4,0,1,1,1,1,1,1
3,0,2,17,0,1,1,1,1,1,1
4,0,0,0,0,1,1,1,0,1,1
4,0,2,19,2,1,1,1,1,1,1
4,0,0,4,0,1,1,1,1,1,1
5,0,0,4,0,1,1,1,1,1,1
5,0,0,16,0,1,1,1,1,1,1
5,0,2,16,0,1,1,1,1,1,1
6,0,0,9,0,1,1,1,1,1,1
5,0,0,9,0,1,1,1,1,1,1
6,0,0,4,0,1,1,1,1,1,1
4,0,0,9,0,0,1,1,1,1,1
4,0,4,4,0,1,1,1,1,1,1
4,0,2,10,0,0,1,1,1,1,1
3,0,2,4,0,1,1,1,1,1,1
3,0,2,0,0,1,1,1,1,1,1
4,0,2,19,2,1,1,1,1,1,1
4,0,2,15,2,1,1,1,1,1,1
3,0,2,3,0,1,1,1,1,1,1
3,0,2,3,0,1,1,1,1,1,1
3,0,2,16,0,1,1,1,1,1,1
3,0,2,4,0,1,1,1,1,1,1
3,0,2,4,0,1,1,1,1,1,1
3,0,0,11,0,0,1,1,1,1,1
5,1,0,16,0,1,1,1,1,1,1
3,0,0,11,0,0,1,1,1,1,1
3,0,2,4,0,1,1,1,1,1,1
3,0,0,11,0,0,1,1,1,1,1
4,0,0,11,0,0,1,1,1,1,1
3,0,2,10,0,0,1,1,1,1,1
3,0,0,4,0,1,1,1,0,1,1
3,0,0,4,0,1,1,1,1,1,1
3,0,2,3,0,1,1,1,1,1,1
3,0,0,7,2,1,1,1,1,1,1
4,0,0,19,2,1,1,1,1,1,1
4,0,0,7,2,1,1,1,1,1,1
4,0,0,9,0,0,1,1,1,1,1
4,0,2,3,0,1,1,1,1,1,1
3,0,0,4,0,1,1,1,1,1,1
3,0,2,0,0,1,1,1,1,1,1
4,0,2,3,0,1,1,1,1,1,1
3,0,2,4,0,1,1,1,1,1,1
3,0,2,26,0,1,1,1,1,1,1
4,0,2,0,0,1,1,1,1,1,1
4,0,0,4,0,1,1,1,1,1,1
3,0,1,4,0,1,1,1,1,1,1
2,0,0,4,0,1,1,1,1,1,1
3,0,2,0,0,1,1,1,1,1,1
3,0,0,13,1,1,1,1,1,1,1
3,0,1,4,0,1,1,1,1,0,1
3,0,2,4,0,1,1,1,1,1,1
4,0,0,7,2,1,1,1,1,1,1
4,0,2,9,0,1,1,1,1,1,1
4,0,0,31,1,1,1,1,0,1,1
4,0,0,4,0,1,1,1,1,1,1
4,0,0,16,0,1,1,1,1,1,1
3,0,5,3,0,1,1,1,1,0,1
4,0,0,4,0,1,1,1,1,1,1
3,0,0,7,2,1,1,1,1,1,1
4,0,2,15,2,0,1,1,1,1,1
5,0,2,0,0,1,1,1,1,1,1
4,0,2,0,0,1,1,1,1,1,1
4,0,4,4,0,1,1,1,1,1,1
3,0,2,0,0,1,1,1,1,1,1
5,0,5,8,0,1,1,1,1,0,1
5,0,0,9,0,0,1,1,1,1,1
4,0,0,15,2,1,1,1,1,1,1
5,0,0,4,0,1,1,1,1,1,1
4,0,0,4,0,1,1,1,1,1,1
3,0,4,8,0,1,1,1,1,0,1
4,0,0,4,0,1,1,1,1,1,1
3,0,0,8,0,1,1,1,1,1,1
4,0,0,10,0,1,1,1,1,1,1
3,0,0,3,0,0,1,1,1,1,1
3,0,2,6,0,0,1,1,1,1,1
3,0,2,4,0,1,1,1,1,1,1
4,0,0,7,2,1,1,1,1,1,1
2,0,0,3,0,1,1,1,1,1,1
2,0,2,3,0,1,1,1,1,1,1
2,0,2,3,0,1,1,1,1,1,1
2,0,2,3,0,1,1,1,1,1,1
3,0,2,1,0,1,1,1,1,1,1
6,0,2,11,0,1,1,1,1,1,1
3,0,2,4,0,1,1,1,1,1,1
2,0,1,4,0,1,1,1,1,1,1
2,0,1,4,0,1,1,1,1,1,1
4,0,0,11,0,0,1,1,1,1,1
4,0,2,4,0,1,1,1,1,1,1
4,0,2,4,0,1,1,1,1,1,1
3,0,2,9,0,0,1,1,1,1,1
2,0,0,6,0,0,1,1,1,1,1
4,0,0,18,1,1,1,1,0,1,1
3,0,0,3,0,0,1,1,1,1,1
2,0,2,4,0,1,1,1,1,1,1
3,0,0,9,0,0,0,1,1,1,1
5,0,2,4,0,1,1,1,1,1,1
4,0,0,3,0,0,1,1,1,1,1
4,0,2,4,0,1,1,1,1,1,1
5,0,0,4,0,1,1,1,1,1,1
4,0,2,11,0,0,1,1,1,1,1
3,0,2,4,0,1,1,1,1,1,1
3,0,1,4,0,1,1,1,0,1,1
4,0,0,4,0,1,1,1,1,1,1
3,0,0,3,0,1,1,1,1,1,1
4,0,2,11,0,0,1,1,1,1,1
3,0,2,3,0,1,1,1,1,1,1
4,0,0,7,2,1,1,1,1,1,1
4,0,0,3,0,1,1,1,1,1,1
3,0,0,3,0,1,1,1,1,1,1
6,0,2,28,2,0,1,1,1,1,1
3,0,0,4,0,1,1,1,1,1,1
2,0,2,3,0,1,1,1,1,1,1
3,0,0,4,0,1,1,1,1,1,1
4,0,2,0,0,1,1,1,1,1,1
4,0,0,8,0,1,1,1,1,1,1
4,0,2,8,0,1,1,1,1,1,1
3,0,0,0,0,1,1,1,1,1,1
4,0,2,8,0,1,1,1,1,1,1
4,0,0,4,0,1,1,1,1,1,1
3,0,0,4,0,1,1,1,0,1,1
5,0,2,4,0,1,1,1,1,1,1
3,0,0,4,0,1,1,1,1,1,1
5,0,0,4,0,1,1,1,1,1,1
5,0,1,11,0,1,1,1,0,1,1
6,0,0,4,0,1,1,1,1,1,1
6,1,0,8,0,1,1,1,1,1,1
4,0,0,9,0,1,1,1,1,1,1
3,0,2,4,0,1,1,1,1,1,1
4,0,0,16,0,1,1,1,1,1,1
3,0,2,16,0,1,1,1,1,1,1
5,0,0,24,0,1,1,1,1,1,1
3,0,0,8,0,1,1,1,1,1,1
3,0,2,8,0,1,1,1,1,1,1
5,0,1,4,0,1,1,1,1,1,1
3,0,0,13,1,1,1,1,1,0,1
2,0,2,7,2,1,1,1,1,1,1
3,0,0,4,0,1,1,1,1,1,1
3,0,0,8,0,1,1,1,0,1,1
3,0,0,21,1,1,1,1,1,1,1
3,0,1,4,0,1,1,1,1,1,1
4,0,0,1,0,1,1,1,1,1,1
4,0,0,12,1,1,1,1,1,1,1
4,0,2,4,0,1,1,1,1,1,1
3,0,2,4,0,1,1,1,1,1,1
3,0,2,6,0,0,1,1,1,1,1
4,0,2,9,0,0,1,1,1,1,1
3,0,2,4,0,1,1,1,1,1,1
5,0,0,4,0,1,1,1,1,1,1
5,0,2,4,0,1,1,1,1,1,1
3,0,2,10,0,0,1,1,1,1,1
2,0,0,7,2,1,1,1,1,1,1
3,0,2,3,0,1,1,1,1,1,1
3,0,0,14,2,1,1,1,0,1,1
3,0,0,7,2,1,1,1,1,1,1
3,0,2,4,0,1,1,1,1,1,1
4,0,0,13,1,1,1,1,1,1,1
5,0,0,11,0,1,1,1,1,1,1
3,0,2,4,0,1,1,1,1,1,1
4,0,0,11,0,1,1,1,1,1,1
6,1,0,4,0,1,1,1,1,1,1
3,0,0,14,2,1,1,1,1,1,1
3,0,0,4,0,1,1,1,1,1,1
3,0,2,8,0,1,1,1,1,1,1
4,0,2,11,0,1,1,1,1,1,1
5,0,0,13,1,1,1,1,1,1,1
5,0,0,7,2,1,1,1,1,1,1
4,0,2,8,0,1,1,1,1,1,1
5,0,0,16,0,1,1,1,1,1,1
3,0,0,17,0,1,1,1,0,1,1
4,0,0,18,1,1,1,1,1,1,1
2,0,2,9,0,0,1,1,1,1,1
4,0,0,8,0,1,1,1,1,1,1
5,0,0,8,0,1,1,1,0,1,1
2,0,0,3,0,1,1,1,1,1,1
3,0,2,3,0,0,1,1,1,1,1
2,0,2,4,0,1,1,1,1,1,1
4,0,2,9,0,0,1,1,1,1,1
3,0,0,8,0,1,1,1,0,1,1
3,0,1,11,0,0,1,1,1,0,1
3,0,2,7,2,1,1,1,1,1,1
3,0,2,8,0,1,1,1,1,1,1
4,0,1,4,0,1,1,1,1,0,1
2,0,2,3,0,1,1,1,1,1,1
3,0,2,4,0,1,1,1,1,1,1
2,0,0,4,0,1,1,1,1,1,1
3,0,0,4,0,1,1,1,1,1,1
3,0,0,4,0,1,1,1,0,1,1
4,0,2,10,0,0,1,1,1,1,1
5,0,2,11,0,0,1,1,1,1,1
3,0,0,6,0,0,1,1,1,1,1
4,0,2,4,0,1,1,1,1,1,1
4,0,0,10,0,0,1,1,1,1,1
3,0,1,4,0,1,1,1,1,0,1
3,0,2,4,0,1,1,1,1,1,1
2,0,0,17,0,1,1,1,0,1,1
4,0,2,19,2,1,1,1,1,1,1
4,0,0,19,2,1,1,1,1,1,1
4,0,0,11,0,0,1,1,1,1,1
4,0,2,11,0,0,1,1,1,1,1
3,0,2,3,0,1,1,1,1,1,1
5,1,0,11,0,0,1,1,1,1,1
4,0,3,11,0,0,1,1,1,1,1
3,0,0,19,2,1,1,1,1,1,1
4,0,2,4,0,1,1,1,1,1,1
5,0,0,3,0,1,1,1,1,1,1
2,0,0,16,0,1,1,1,0,1,1
6,0,0,4,0,1,1,1,1,1,1
4,0,3,12,1,1,1,1,1,1,1
3,0,0,4,0,1,1,1,1,1,1
6,0,0,7,2,1,1,1,0,1,1
3,0,2,8,0,1,1,1,1,1,1
4,0,0,15,2,1,1,1,0,1,1
5,0,0,12,1,1,1,1,0,1,1
3,0,0,3,0,1,1,1,0,1,1
4,0,0,10,0,1,1,1,1,1,1
5,0,2,22,0,1,1,0,1,1,1
5,0,0,9,0,1,1,1,1,1,1
4,0,0,4,0,1,1,1,1,1,1
3,0,0,10,0,0,1,1,1,1,1
2,0,2,3,0,0,1,1,1,1,1
3,0,2,11,0,0,1,1,1,1,1
3,0,0,12,1,3,1,1,1,1,1
3,0,0,17,0,1,1,1,0,1,1
5,0,0,4,0,1,1,1,1,1,1
4,0,2,7,2,1,1,1,1,1,1
2,0,0,3,0,1,1,1,1,1,1
4,0,2,7,2,1,1,1,1,1,1
4,0,0,11,0,0,1,1,1,1,1
3,0,0,13,1,1,1,1,1,1,1
3,0,0,17,0,1,1,1,1,1,1
3,0,2,6,0,0,1,1,1,0,1
3,0,2,3,0,0,1,1,1,1,1
5,0,2,4,0,1,1,1,0,1,1
4,0,2,10,0,0,1,1,1,1,1
3,0,2,4,0,1,1,1,1,1,1
4,0,2,8,0,1,1,1,1,1,1
4,0,1,13,1,1,1,1,1,0,1
5,0,1,4,0,1,1,1,1,1,1
3,0,1,4,0,1,1,1,1,1,1
3,0,2,11,0,0,1,1,1,1,1
2,0,0,4,0,1,1,1,0,1,1
3,0,0,0,0,0,1,1,1,1,1
3,0,0,11,0,0,1,1,1,1,1
3,0,2,4,0,1,1,1,1,1,1
3,0,0,11,0,0,1,1,1,1,1
4,0,0,4,0,1,1,1,1,1,1
3,0,2,3,0,0,1,1,1,1,1
6,0,0,1,0,1,1,1,1,1,1
3,0,0,8,0,1,1,1,1,1,1
5,0,0,4,0,1,1,1,1,1,1
3,0,0,4,0,1,1,1,1,1,1
5,0,0,4,0,1,1,1,1,1,1
3,0,0,6,0,1,1,1,1,1,1
3,0,1,3,0,1,1,1,1,0,1
4,0,0,7,2,1,1,1,1,1,1
3,0,0,4,0,1,0,1,1,1,1
4,0,0,4,0,1,1,1,1,1,1
4,0,0,13,1,1,1,1,0,1,1
3,0,0,4,0,1,1,1,1,1,1
3,0,2,3,0,1,1,1,1,1,1
6,0,2,7,2,1,1,1,1,1,1
2,0,0,4,0,1,1,1,0,1,1
3,0,0,3,0,1,1,1,1,1,1
5,0,2,10,0,0,1,1,1,1,1
4,0,0,32,0,1,1,1,1,1,1
4,0,2,8,0,1,1,1,1,1,1
3,0,0,18,1,1,1,1,0,0,1
4,0,0,17,0,1,1,1,1,1,1
4,0,0,4,0,1,1,1,1,1,1
4,0,2,14,2,1,1,1,1,1,1
4,0,0,10,0,1,1,1,1,1,1
4,0,0,14,2,1,1,1,1,1,1
2,0,0,3,0,1,1,1,0,1,1
3,0,2,11,0,0,1,1,1,1,1
4,0,0,7,2,1,1,1,0,1,1
2,0,0,4,0,1,0,1,1,1,1
5,0,1,4,0,1,1,1,1,1,1
5,0,0,27,1,1,1,1,0,1,1
3,0,0,4,0,1,1,1,1,1,1
5,0,0,25,0,1,1,1,0,1,1
6,0,0,8,0,1,1,1,1,1,1
3,0,0,5,1,2,1,1,1,1,1
3,0,0,4,0,1,1,1,1,1,1
4,0,0,11,0,1,1,1,0,1,1
3,0,2,4,0,1,1,1,1,1,1
2,0,1,4,0,1,1,1,1,1,1
3,0,2,9,0,0,1,1,1,1,1
5,0,2,6,0,1,1,1,1,1,1
4,0,2,7,2,1,1,1,1,1,1
5,0,2,8,0,1,1,1,1,1,1
4,0,2,7,2,1,1,1,1,1,1
3,0,2,17,0,1,1,1,1,1,1
4,0,2,8,0,1,1,1,1,1,1
2,0,1,4,0,1,1,1,1,1,1
3,0,2,4,0,1,0,1,1,1,1
3,0,0,11,0,0,1,1,1,1,1
4,0,0,11,0,0,1,1,1,1,1
2,0,2,24,0,3,1,1,1,1,1
4,0,2,9,0,0,1,1,1,1,1
2,0,2,4,0,1,1,1,1,1,1
3,0,0,9,0,0,1,1,1,1,1
3,0,2,9,0,0,1,1,1,1,1
4,0,0,4,0,1,1,1,1,1,1
2,0,2,10,0,0,1,1,1,1,1
3,0,0,4,0,1,1,1,1,1,1
3,0,2,6,0,0,0,1,1,1,1
3,0,0,3,0,0,1,1,1,1,1
4,0,0,4,0,1,1,1,1,1,1
3,0,0,4,0,1,1,1,1,1,1
4,0,0,26,0,1,1,1,0,1,1
3,0,0,4,0,1,1,1,1,1,1
3,0,2,19,2,1,1,1,1,1,1
3,0,0,9,0,0,1,1,1,1,1
4,0,2,3,0,1,1,1,1,1,1
5,0,0,0,0,1,1,1,0,1,1
3,0,2,4,0,1,1,1,1,1,1
3,0,0,4,0,1,1,1,1,1,1
4,0,0,4,0,1,1,1,1,1,1
3,0,2,4,0,1,1,1,1,1,1
4,0,0,4,0,1,1,1,1,1,1
4,0,1,4,0,1,1,1,1,1,1
3,0,2,4,0,1,1,1,1,1,1
4,0,0,4,0,1,1,1,1,1,1
3,0,2,4,0,1,1,1,1,1,1
4,0,3,8,0,1,1,1,1,1,1
3,0,0,4,0,1,1,1,1,1,1
2,0,1,4,0,1,1,1,1,1,1
2,0,2,4,0,1,0,1,1,1,1
3,0,0,4,0,1,1,1,1,1,1
5,0,0,4,0,1,1,1,1,1,1
3,0,0,6,0,0,1,1,1,1,1
5,0,0,13,1,1,1,1,1,1,1
5,0,0,7,2,1,1,1,1,1,1
4,0,0,1,0,1,1,1,0,1,1
4,0,2,17,0,1,1,1,1,1,1
5,0,0,15,2,1,1,1,1,1,1
3,0,0,4,0,1,1,1,1,1,1
4,0,2,4,0,1,1,1,1,1,1
4,0,1,22,0,1,1,0,1,1,1
4,0,0,15,2,1,1,1,1,1,1
3,0,1,4,0,1,1,1,1,1,1
3,0,2,4,0,1,1,1,1,1,1
3,0,2,24,0,3,1,1,1,1,1
4,0,2,11,0,0,1,1,1,1,1
4,0,2,7,2,1,1,1,1,1,1
4,0,2,14,2,1,1,1,1,1,1
3,0,2,4,0,1,1,1,1,1,1
4,0,2,14,2,1,1,1,1,1,1
4,0,2,4,0,1,1,1,1,1,1
3,0,0,11,0,0,1,1,1,1,1
3,0,2,3,0,0,1,1,1,1,1
3,0,0,4,0,1,1,1,1,1,1
3,0,2,9,0,0,1,1,1,1,1
2,0,2,4,0,1,1,1,1,1,1
2,0,0,6,0,0,1,1,1,1,1
5,0,0,18,1,1,1,1,0,1,1
2,0,0,18,1,1,1,1,0,1,1
4,0,0,1,0,0,1,1,1,1,1
3,0,2,4,0,1,1,1,0,1,1
5,0,0,4,0,1,1,1,1,1,1
3,0,0,3,0,0,1,1,0,1,1
3,0,0,9,0,0,1,1,1,1,1
4,0,0,4,0,1,1,1,1,1,1
3,0,0,4,0,1,1,1,1,1,1
3,0,0,16,0,3,1,1,1,1,1
4,0,2,4,0,1,1,1,1,1,1
3,0,2,4,0,1,1,1,1,1,1
2,0,0,13,1,1,1,1,0,1,1
4,0,0,0,0,1,1,1,0,1,1
3,0,0,4,0,1,1,1,1,1,1
3,0,1,4,0,1,1,1,1,0,1
5,0,0,13,1,1,1,1,1,1,1
4,0,0,4,0,1,1,1,1,1,1
4,0,0,3,0,1,1,1,1,1,1
3,0,2,7,2,1,1,1,1,1,1
6,0,0,4,0,1,1,1,1,0,1
4,0,2,10,0,0,1,1,1,1,1
3,0,0,7,2,1,1,1,1,1,1
2,0,2,8,0,1,1,1,1,1,1
3,0,1,4,0,1,1,1,1,1,1
5,0,0,11,0,1,1,1,1,1,1
3,0,2,4,0,1,0,1,1,1,1
2,0,1,4,0,1,1,1,1,1,1
5,0,0,4,0,1,1,1,1,1,1
4,0,2,4,0,1,1,1,1,1,1
2,0,0,4,0,1,1,1,1,1,1
3,0,2,23,1,1,1,1,1,1,1
3,0,2,4,0,1,1,1,1,1,1
4,0,2,15,2,1,1,1,1,1,1
4,0,0,8,0,1,1,1,1,1,1
3,0,2,7,2,1,1,1,1,1,1
3,0,2,8,0,1,1,1,1,1,1
4,0,2,11,0,0,1,1,1,1,1
3,0,0,28,2,0,1,1,1,1,1
3,0,0,8,0,1,1,1,1,1,1
3,0,2,11,0,0,1,1,1,1,1
4,0,0,11,0,0,1,1,1,1,1
4,0,0,0,0,1,1,1,1,1,1
3,0,2,6,0,0,1,1,1,1,1
2,0,2,7,2,1,0,1,1,1,1
3,0,0,3,0,1,1,1,1,1,1
4,0,2,3,0,0,1,1,1,1,1
3,0,2,6,0,0,1,1,1,1,1
3,0,2,6,0,0,1,1,1,1,1
2,0,0,6,0,0,1,1,1,1,1
3,0,0,9,0,0,1,1,1,1,1
2,0,2,10,0,0,1,1,1,1,1
3,0,2,10,0,0,1,1,1,1,1
3,0,0,4,0,1,1,1,1,1,1
2,0,0,3,0,0,1,1,1,1,1
3,0,2,11,0,0,1,1,1,1,1
3,0,0,3,0,0,1,1,1,1,1
3,0,0,3,0,0,1,1,1,1,1
3,0,2,7,2,1,1,1,1,1,1
3,0,0,3,0,1,1,1,1,1,1
5,0,3,7,2,1,1,1,1,1,1
5,0,0,3,0,1,1,1,1,1,1
5,0,0,3,0,1,1,1,1,1,1
3,0,3,4,0,1,1,1,1,1,1
4,0,0,12,1,1,1,1,1,1,1
4,0,0,3,0,1,1,1,1,1,1
3,0,0,8,0,1,1,1,1,1,1
3,0,1,4,0,1,1,1,1,1,1
4,0,3,8,0,1,1,1,1,1,1
3,0,0,24,0,1,1,1,1,1,1
5,0,0,8,0,1,1,1,0,1,1
2,0,0,3,0,1,1,1,1,1,1
2,0,2,4,0,1,1,1,1,1,1
3,0,0,8,0,1,1,1,1,1,1
5,0,0,4,0,1,1,1,1,1,1
3,0,0,10,0,0,1,1,1,1,1
4,0,2,11,0,0,1,1,1,1,1
4,0,0,7,2,1,1,1,1,1,1
3,0,2,23,1,1,1,1,1,1,1
2,0,2,4,0,1,1,1,1,1,1
3,0,0,7,2,1,1,1,1,1,1
3,0,0,3,0,1,1,1,1,1,1
3,0,0,4,0,1,1,1,1,1,1
3,0,0,8,0,1,1,1,1,1,1
3,0,2,4,0,1,1,1,1,1,1
2,0,2,4,0,1,0,1,1,1,1
5,0,0,20,3,1,1,1,0,1,1
4,0,0,7,2,1,1,1,1,1,1
3,0,2,7,2,1,1,1,1,1,1
4,0,2,10,0,0,1,1,1,1,1
3,0,2,0,0,1,1,1,1,1,1
4,0,1,4,0,1,1,1,1,1,1
3,0,2,16,0,1,1,1,1,1,1
2,0,1,4,0,1,0,1,1,1,1
4,0,1,13,1,1,1,1,1,1,1
3,0,1,4,0,1,1,1,1,0,1
3,0,0,4,0,1,1,1,1,1,1
3,0,2,4,0,1,1,1,1,1,1
3,0,0,4,0,1,1,1,1,1,1
3,0,0,6,0,0,1,1,1,1,1
3,0,2,3,0,0,1,1,1,1,1
3,0,2,3,0,0,1,1,1,1,1
3,0,2,4,0,1,1,1,1,1,1
3,0,0,12,1,3,1,1,0,1,1
3,0,0,11,0,0,1,1,0,1,1
3,0,2,17,0,1,1,1,1,1,1
3,0,2,4,0,1,1,1,1,1,1
4,0,2,1,0,1,1,1,1,1,1
5,0,0,7,2,1,1,1,1,1,1
3,0,2,3,0,1,1,1,1,1,1
3,0,0,7,2,1,1,1,1,1,1
6,0,0,16,0,1,1,1,1,1,1
2,0,2,3,0,1,1,1,1,1,1
3,0,2,3,0,1,1,1,1,1,1
2,0,2,3,0,1,1,1,1,1,1
3,0,1,4,0,1,1,1,1,1,1
5,0,2,4,0,1,1,1,1,1,1
4,0,0,4,0,1,1,1,1,1,1
3,0,0,4,0,1,1,1,1,1,1
3,0,0,11,0,1,1,1,0,1,1
4,0,0,16,0,1,1,1,1,1,1
5,0,0,5,1,1,1,1,0,1,1
4,0,0,16,0,1,1,1,1,1,1
3,0,0,7,2,1,1,1,1,1,1
5,0,0,9,0,1,1,1,1,1,1
3,0,0,4,0,1,1,1,1,1,1
3,0,2,0,0,1,1,1,1,1,1
3,0,2,3,0,0,1,1,1,1,1
3,0,2,4,0,1,1,1,1,1,1
4,0,0,4,0,1,1,1,0,1,1
4,0,0,4,0,1,1,1,0,1,1
4,0,0,3,0,0,1,1,1,1,1
4,0,0,4,0,1,1,1,1,1,1
4,0,0,0,0,1,1,1,1,1,1
3,0,0,16,0,1,1,1,0,1,1
4,0,2,19,2,1,1,1,1,1,1
3,0,2,11,0,0,1,1,1,1,1
4,0,2,4,0,1,1,1,1,1,1
4,0,2,7,2,1,1,1,1,1,1
4,0,2,4,0,1,1,1,1,1,1
4,0,2,7,2,1,1,1,1,1,1
4,0,2,4,0,1,1,1,1,1,1
3,0,1,4,0,1,1,1,1,1,1
5,0,0,4,0,1,1,1,1,1,1
2,0,0,16,0,1,1,1,1,1,1
3,0,0,9,0,0,1,1,1,1,1
4,0,0,4,0,1,1,1,1,1,1
6,0,0,11,0,0,1,1,1,1,1
4,0,2,4,0,1,1,1,1,1,1
4,0,2,9,0,0,1,1,1,1,1
3,0,2,3,0,0,1,1,1,1,1
3,0,2,4,0,1,1,1,1,1,1
2,0,1,4,0,1,1,1,1,1,1
4,0,0,13,1,1,1,1,1,1,1
5,0,0,19,2,1,1,1,1,1,1
5,0,0,3,0,1,1,1,1,1,1
3,0,1,4,0,1,1,1,0,1,1
2,0,1,3,0,1,1,1,1,0,1
3,0,2,4,0,1,1,1,1,1,1
3,0,0,4,0,1,1,1,1,1,1
5,0,0,3,0,1,1,1,1,1,1
4,0,0,4,0,1,1,1,0,1,1
2,0,2,17,0,1,1,1,1,1,1
3,0,2,16,0,1,1,1,1,1,1
3,0,0,3,0,1,1,1,1,1,1
4,0,0,4,0,1,1,1,1,1,1
2,0,0,7,2,1,1,1,1,1,1
4,0,0,0,0,1,1,1,0,1,1
4,0,0,4,0,1,1,1,1,1,1
3,0,0,4,0,1,1,1,1,1,1
6,0,0,14,2,1,1,1,1,1,1
5,0,0,4,0,1,1,1,0,1,1
5,0,3,16,0,1,1,1,1,1,1
3,0,0,16,0,1,1,1,1,1,1
3,0,0,16,0,1,1,1,1,1,1
4,0,0,7,2,1,1,1,0,1,1
5,0,0,9,0,1,1,1,1,1,1
3,0,0,16,0,1,1,1,1,1,1
4,0,2,16,0,1,1,1,1,1,1
4,0,0,4,0,1,1,1,1,1,1
6,0,0,4,0,1,1,1,1,1,1
3,0,0,4,0,1,1,1,1,1,1
3,0,2,16,0,1,1,1,1,1,1
2,0,2,4,0,1,1,1,0,1,1
4,0,2,1,0,1,1,1,1,1,1
3,0,0,16,0,1,1,1,1,1,1
3,0,2,8,0,1,1,1,1,1,1
4,0,2,14,2,1,1,1,1,1,1
3,0,2,4,0,1,1,1,1,1,1
4,0,0,4,0,1,1,1,1,1,1
5,0,0,4,0,1,1,1,1,1,1
4,0,0,14,2,1,1,1,1,1,1
5,0,2,11,0,1,1,1,1,1,1
4,0,2,4,0,1,1,1,1,1,1
3,0,2,4,0,1,1,1,1,1,1
3,0,0,8,0,1,1,1,1,1,1
3,0,0,4,0,1,1,1,1,1,1
2,0,2,4,0,1,1,1,1,1,1
4,0,0,8,0,1,1,1,1,1,1
3,0,0,3,0,1,1,1,1,1,1
3,0,0,0,0,1,1,1,1,1,1
3,0,4,8,0,1,1,1,1,0,1
3,0,0,18,1,1,1,1,0,1,1
5,0,0,14,2,1,1,1,1,1,1
3,0,0,3,0,1,1,1,1,1,1
5,0,0,0,0,1,1,1,1,1,1
3,0,0,0,0,1,1,1,1,1,1
5,0,2,4,0,1,1,1,1,1,1
4,0,0,11,0,1,1,1,0,1,1
4,0,0,0,0,0,1,1,1,1,1
4,0,0,14,2,1,1,1,1,1,1
6,0,0,8,0,1,1,1,1,1,1
4,0,0,26,0,1,1,1,1,1,1
4,0,0,4,0,1,1,1,1,1,1
4,0,0,9,0,1,1,1,1,1,1
4,0,0,14,2,1,1,1,0,1,1
5,0,0,9,0,1,1,1,1,1,1
4,0,0,14,2,1,1,1,0,1,1
3,0,0,3,0,1,1,1,1,1,1
7,0,0,10,0,1,1,1,1,1,1
5,0,0,18,1,1,1,1,0,1,1
5,0,0,3,0,1,1,1,0,1,1
2,0,0,4,0,1,1,1,1,1,1
4,0,0,8,0,1,1,1,1,1,1
4,0,2,4,0,1,1,1,1,1,1
5,0,2,3,0,1,1,1,1,1,1
3,0,1,4,0,1,1,1,1,1,1
3,0,0,10,0,1,1,1,0,1,1
3,0,2,4,0,1,1,1,1,1,1
4,0,1,4,0,1,1,1,0,1,1
5,0,2,16,0,1,1,1,1,1,1
3,0,0,4,0,1,1,1,1,1,1
2,0,2,14,2,1,1,1,1,1,1
5,0,0,4,0,1,1,1,1,1,1
3,0,0,16,0,1,1,1,0,1,1
3,0,2,4,0,1,1,1,1,1,1
5,0,2,4,0,1,1,1,1,1,1
4,0,0,4,0,1,1,1,1,1,1
3,0,2,4,0,1,1,1,1,1,1
3,0,2,4,0,1,1,1,1,1,1
3,0,0,16,0,1,1,1,1,1,1
3,0,1,4,0,1,1,1,1,1,1
3,0,0,4,0,1,1,1,0,1,1
6,0,0,12,1,1,1,1,1,1,1
3,0,0,4,0,1,1,1,1,1,1
3,0,0,9,0,1,1,1,1,1,1
4,0,0,4,0,1,1,1,1,1,1
3,0,0,9,0,1,1,1,1,1,1
4,0,2,14,2,1,1,1,1,1,1
5,0,0,4,0,1,1,1,1,1,1
4,0,0,15,2,1,1,1,1,1,1
5,0,0,16,0,1,1,1,1,1,1
5,0,0,8,0,1,1,1,1,1,1
3,0,2,7,2,1,1,1,1,1,1
4,0,0,11,0,1,1,1,0,1,1
3,0,0,0,0,1,1,1,1,1,1
4,0,0,4,0,1,1,1,1,1,1
4,0,0,15,2,1,1,1,1,1,1
3,0,2,7,2,1,1,1,1,1,1
3,0,0,10,0,1,1,1,0,1,1
4,0,0,4,0,1,1,1,1,1,1
4,0,2,16,0,1,1,1,1,1,1
4,0,0,33,3,1,1,1,0,1,1
3,0,2,8,0,1,1,1,1,1,1
5,0,2,7,2,1,1,1,1,1,1
4,0,2,4,0,1,1,1,1,1,1
3,0,0,4,0,1,1,1,1,1,1
4,0,0,15,2,1,1,1,1,1,1
5,0,0,10,0,1,1,1,1,1,1
2,0,1,4,0,1,1,1,0,1,1
4,0,0,9,0,1,1,1,1,1,1
3,0,2,8,0,1,1,1,1,1,1
3,0,0,15,2,1,1,1,0,1,1
2,0,1,4,0,1,1,1,1,1,1
6,0,0,10,0,1,1,1,1,1,1
3,0,2,4,0,1,1,1,1,1,1
5,0,2,8,0,1,1,1,1,1,1
3,0,0,4,0,1,1,1,1,1,1
4,0,0,7,2,1,1,1,1,1,1
4,1,2,4,0,1,1,1,1,1,1
4,0,0,10,0,1,1,1,1,1,1
3,0,0,14,2,1,1,1,0,1,1
5,0,0,15,2,1,1,1,1,1,1
3,0,2,4,0,1,1,1,1,1,1
4,0,1,4,0,1,1,1,1,1,1
4,0,2,14,2,1,1,1,1,1,1
3,0,2,7,2,1,1,1,1,1,1
5,0,0,4,0,1,1,1,1,1,1
3,0,0,17,0,1,1,1,1,1,1
5,0,2,0,0,1,1,1,0,1,1
3,0,0,4,0,1,1,1,1,1,1
3,0,0,16,0,1,1,1,1,1,1
5,0,0,4,0,1,1,1,1,1,1
3,0,2,4,0,1,1,1,1,1,1
6,0,0,16,0,1,1,1,1,1,1
4,0,0,1,0,1,1,1,1,1,1
4,0,2,14,2,1,1,1,1,1,1
5,0,0,16,0,1,1,1,1,1,1
3,0,0,0,0,1,1,1,1,1,1
4,0,2,26,0,1,1,1,1,1,1
5,0,2,12,1,1,1,1,1,1,1
7,0,0,24,0,1,1,1,1,1,1
7,0,3,12,1,1,1,1,1,1,1
4,0,2,16,0,1,1,1,1,1,1
3,0,2,4,0,1,1,1,1,1,1
5,0,0,15,2,1,1,1,1,1,1
3,0,1,4,0,1,1,1,1,1,1
4,0,0,14,2,1,1,1,1,1,1
3,0,0,4,0,1,1,1,1,1,1
3,0,2,4,0,1,1,1,1,1,1
3,0,2,4,0,1,1,1,1,1,1
3,0,0,16,0,1,1,1,1,1,1
2,0,1,4,0,1,1,1,1,1,1
3,0,2,4,0,1,1,1,1,1,1
4,0,0,8,0,1,1,1,1,1,1
6,0,2,16,0,1,1,1,1,1,1
4,0,2,18,1,1,1,1,0,1,1
4,0,2,3,0,1,1,1,1,1,1
5,0,2,14,2,1,1,1,1,1,1
4,0,1,4,0,1,1,1,1,1,1
2,0,2,4,0,1,1,1,1,1,1
4,0,1,4,0,1,1,1,1,1,1
7,0,0,8,0,1,1,1,1,1,1
3,0,0,4,0,1,1,1,1,1,1
2,0,2,4,0,1,1,1,1,1,1
4,0,1,4,0,1,1,1,1,0,1
5,0,0,32,0,1,1,1,1,1,1
3,0,2,4,0,1,1,1,1,1,1
4,0,0,14,2,1,1,1,0,1,1
3,0,0,0,0,1,1,1,0,1,1
3,0,2,4,0,1,1,1,1,1,1
4,0,0,4,0,1,1,1,1,1,1
2,0,0,3,0,0,1,1,1,1,1
4,0,0,3,0,1,1,1,1,1,1
4,0,2,4,0,1,1,1,1,1,1
2,0,0,14,2,1,1,1,0,1,1
4,0,0,21,1,1,1,1,0,1,1
4,0,1,4,0,1,1,1,1,1,1
3,0,0,16,0,1,1,1,1,1,1
2,0,2,4,0,1,1,1,1,1,1
4,0,2,8,0,1,1,1,1,1,1
3,0,0,8,0,1,1,1,1,1,1
2,0,2,4,0,1,1,1,1,1,1
4,0,2,4,0,1,1,1,1,1,1
4,0,2,11,0,1,1,1,1,1,1
5,0,0,11,0,1,1,1,1,1,1
4,0,0,24,0,1,1,1,1,1,1
5,0,0,14,2,1,1,1,1,1,1
5,0,0,11,0,1,1,1,1,1,1
4,0,0,4,0,1,1,1,1,1,1
3,0,0,10,0,1,1,1,1,1,1
3,0,2,4,0,1,1,1,1,1,1
3,0,2,4,0,1,1,1,1,1,1
3,0,0,3,0,1,1,1,1,1,1
5,0,1,11,0,1,1,1,1,0,1
3,0,2,8,0,1,1,1,1,1,1
3,0,1,4,0,1,1,1,1,1,1
3,0,0,4,0,1,1,1,1,1,1
3,0,0,4,0,1,1,1,0,1,1
4,0,2,4,0,1,1,1,1,1,1
3,0,0,4,0,1,1,1,1,1,1
4,0,0,4,0,1,1,1,1,1,1
4,0,1,4,0,1,1,1,1,1,1
4,0,2,4,0,1,1,1,1,1,1
4,0,2,4,0,1,1,1,1,1,1
2,0,1,4,0,1,1,1,1,1,1
5,0,0,4,0,1,1,1,1,1,1
3,0,0,4,0,1,1,1,1,1,1
4,0,0,14,2,1,1,1,1,1,1
3,0,0,4,0,1,1,1,1,1,1
5,0,2,10,0,1,1,1,1,1,1
4,0,0,15,2,1,1,1,1,1,1
5,0,0,32,0,1,1,1,1,1,1
4,0,0,4,0,1,1,1,1,1,1
5,0,0,13,1,1,1,1,0,1,1
3,0,0,14,2,1,1,1,0,1,1
5,0,0,4,0,1,1,1,1,1,1
3,0,0,15,2,1,1,1,1,1,1
3,0,1,4,0,1,1,1,1,1,1
3,0,1,4,0,1,1,1,1,1,1
4,0,2,0,0,1,1,1,1,1,1
4,0,0,8,0,1,1,1,1,1,1
3,0,0,4,0,1,1,1,1,1,1
6,0,2,9,0,1,1,1,1,1,1
2,0,0,34,2,1,1,1,0,1,1
4,0,2,4,0,1,1,1,1,1,1
4,0,2,10,0,1,1,1,1,1,1
2,0,2,4,0,1,1,1,1,1,1
4,0,0,8,0,1,1,1,1,1,1
3,0,2,4,0,1,1,1,1,1,1
4,0,2,10,0,1,1,1,1,1,1
3,0,2,4,0,1,1,1,1,1,1
3,0,1,4,0,1,1,1,1,1,1
3,0,0,4,0,1,1,1,1,1,1
4,0,0,32,0,0,1,1,0,1,1
3,0,0,4,0,1,1,1,1,1,1
4,0,2,4,0,1,1,1,1,1,1
5,0,0,9,0,1,1,1,1,1,1
4,0,0,24,0,1,1,1,1,1,1
3,0,2,3,0,1,1,1,1,1,1
3,0,2,9,0,1,1,1,1,1,1
4,0,0,0,0,1,1,1,0,1,1
3,0,0,4,0,1,1,1,1,1,1
4,0,0,8,0,1,1,1,1,1,1
4,0,2,0,0,0,1,1,1,1,1
3,0,2,3,0,1,1,1,1,1,1
3,0,0,11,0,1,1,1,1,1,1
2,0,2,4,0,1,1,1,1,1,1
2,0,2,3,0,1,1,1,1,1,1
3,0,0,24,0,1,1,1,1,1,1
4,0,2,4,0,1,1,1,1,1,1
3,0,0,3,0,1,1,1,1,1,1
4,0,2,4,0,1,1,1,1,1,1
3,0,1,4,0,1,1,1,1,0,1
3,0,2,4,0,1,1,1,1,1,1
5,0,0,9,0,1,1,1,1,1,1
3,0,0,4,0,1,1,1,1,1,1
4,0,1,4,0,1,1,1,0,1,1
3,0,2,11,0,1,1,1,1,1,1
5,0,0,8,0,1,1,1,1,1,1
4,0,0,14,2,1,1,1,1,1,1
5,0,0,4,0,1,1,1,1,1,1
2,0,2,4,0,1,1,1,1,1,1
2,0,0,4,0,1,1,1,1,1,1
4,0,0,4,0,1,1,1,1,1,1
2,0,1,4,0,1,1,1,1,0,1
4,0,2,4,0,1,1,1,1,1,1
3,0,2,4,0,1,1,1,1,1,1
4,0,0,4,0,1,1,1,1,1,1
4,0,2,4,0,1,1,1,1,1,1
5,0,2,14,2,1,1,1,1,1,1
4,0,2,4,0,1,1,1,1,1,1
3,0,0,25,0,1,1,1,0,1,1
3,0,2,0,0,1,1,1,1,1,1
4,0,2,3,0,1,1,1,1,0,1
4,0,2,4,0,1,1,1,1,1,1
6,0,0,10,0,1,1,1,1,1,1
4,0,2,4,0,1,1,1,1,1,1
3,0,2,8,0,1,1,1,1,1,1
5,0,2,4,0,1,1,1,1,1,1
4,0,1,4,0,1,1,1,1,1,1
4,0,1,4,0,1,1,1,1,1,1
5,0,0,32,0,1,1,1,1,1,1
3,0,1,4,0,1,1,1,0,1,1
3,0,2,4,0,1,1,1,1,1,1
5,0,0,11,0,1,1,1,1,1,1
4,0,0,10,0,1,1,1,1,1,1
5,0,2,4,0,1,1,1,1,1,1
5,0,0,0,0,1,1,1,1,1,1
3,0,2,4,0,1,1,1,1,1,1
3,0,2,4,0,1,1,1,1,1,1
3,0,1,4,0,1,1,1,1,1,1
6,0,0,9,0,1,1,1,1,1,1
3,0,1,4,0,1,1,1,1,1,1
3,0,1,4,0,1,1,1,1,1,1
4,0,2,10,0,1,1,1,1,1,1
5,0,0,9,0,1,1,1,1,1,1
2,0,2,4,0,1,1,1,1,1,1
3,0,2,0,0,1,1,1,1,1,1
4,0,2,10,0,1,1,1,1,1,1
4,0,0,8,0,1,1,1,1,1,1
5,0,2,4,0,1,1,1,1,1,1
4,0,0,7,2,1,1,1,1,1,1
3,0,0,4,0,1,1,1,1,1,1
3,0,0,14,2,1,1,1,1,1,1
6,0,0,10,0,1,1,1,0,1,1
3,0,0,8,0,1,1,1,1,1,1
4,0,0,14,2,1,1,1,1,1,1
3,0,2,14,2,1,1,1,1,1,1
3,0,0,14,2,1,1,1,1,1,1
4,0,0,11,0,1,1,1,1,1,1
5,0,0,4,0,1,1,1,1,1,1
3,0,2,4,0,1,1,1,1,1,1
3,0,0,10,0,1,1,1,1,1,1
4,0,0,9,0,1,1,1,1,1,1
2,0,2,4,0,1,1,1,1,1,1
3,0,2,4,0,1,1,1,1,1,1
3,0,1,4,0,1,1,1,1,0,1
4,0,2,3,0,1,1,1,1,1,1
6,0,0,3,0,0,1,1,1,1,1
3,0,2,4,0,1,1,1,1,1,1
3,0,2,4,0,1,1,1,1,1,1
5,0,2,32,0,1,1,1,1,1,1
4,0,0,4,0,1,1,1,1,1,1
5,0,0,14,2,1,1,1,1,1,1
4,0,0,15,2,1,1,1,1,1,1
3,0,2,14,2,1,1,1,1,1,1
5,0,2,4,0,1,1,1,1,1,1
4,0,0,6,0,1,1,1,0,1,1
5,0,0,4,0,1,1,1,1,1,1
6,0,2,8,0,1,1,1,1,1,1
3,0,2,14,2,1,1,1,1,1,1
4,0,0,11,0,1,1,1,1,1,1
3,0,1,4,0,1,1,1,1,1,1
3,0,0,4,0,1,1,1,1,1,1
4,0,0,14,2,1,1,1,1,1,1
3,0,0,3,0,0,1,1,1,1,1
3,0,2,4,0,1,1,1,1,1,1
4,0,2,14,2,1,1,1,1,1,1
3,0,0,4,0,1,1,1,1,1,1
4,0,1,4,0,1,1,1,1,1,1
4,0,0,4,0,1,1,1,1,1,1
4,0,0,14,2,1,1,1,1,1,1
4,0,0,4,0,1,1,1,1,1,1
3,0,1,4,0,1,1,1,1,1,1
6,0,0,24,0,1,1,1,1,1,1
7,0,0,24,0,1,1,1,1,1,1
3,0,2,3,0,1,1,1,1,1,1
5,0,1,4,0,1,1,1,1,1,1
6,0,0,10,0,1,1,1,1,1,1
3,0,2,4,0,1,1,1,1,1,1
4,0,0,9,0,1,1,1,1,1,1
4,0,0,10,0,1,1,1,1,1,1
5,0,0,4,0,1,1,1,1,1,1
4,0,0,23,1,4,1,1,1,1,1
2,0,0,4,0,1,1,1,1,1,1
3,0,2,14,2,1,1,1,1,1,1
4,0,2,4,0,1,1,1,1,1,1
4,0,0,24,0,1,1,1,1,1,1
3,0,2,14,2,1,1,1,1,1,1
4,0,0,10,0,1,1,1,1,1,1
3,0,1,4,0,1,1,1,1,1,1
5,0,2,10,0,1,1,1,1,1,1
5,0,0,5,1,1,1,1,1,1,1
4,1,0,3,0,1,1,1,1,1,1
3,0,0,9,0,1,1,1,1,1,1
4,0,0,14,2,1,1,1,1,1,1
4,0,0,8,0,1,1,1,1,1,1
5,0,2,4,0,1,1,1,1,1,1
5,0,3,13,1,1,1,1,1,1,1
6,0,0,10,0,1,1,1,1,1,1
5,0,0,8,0,1,1,1,1,1,1
3,0,2,8,0,1,1,1,1,1,1
3,0,0,8,0,1,1,1,1,1,1
5,0,2,10,0,1,1,1,1,1,1
4,0,2,9,0,1,1,1,1,1,1
4,0,0,7,2,1,1,1,1,1,1
3,0,0,4,0,1,1,1,1,1,1
5,0,0,14,2,1,1,1,1,1,1
4,0,2,4,0,1,1,1,1,1,1
3,0,2,14,2,1,1,1,1,1,1
4,0,2,13,1,1,1,1,1,1,1
4,0,0,10,0,1,1,1,1,1,1
4,0,2,14,2,1,1,1,1,1,1
4,0,0,4,0,1,1,1,1,1,1
3,0,0,0,0,1,1,1,0,1,1
5,0,0,24,0,1,1,1,1,1,1
6,0,0,14,2,1,1,1,1,1,1
3,0,2,24,0,1,1,1,1,1,1
4,0,0,10,0,1,1,1,1,1,1
5,0,0,13,1,1,1,1,1,1,1
4,0,2,4,0,1,1,1,1,1,1
4,0,2,10,0,1,1,1,1,1,1
3,0,0,4,0,1,1,1,1,1,1
3,0,2,4,0,1,1,1,1,1,1
5,0,0,9,0,1,1,1,1,1,1
4,0,0,13,1,1,1,1,1,1,1
3,0,1,4,0,1,1,1,1,0,1
5,0,0,13,1,1,1,1,1,1,1
4,0,0,4,0,1,1,1,1,1,1
3,0,0,9,0,1,1,1,1,1,1
3,0,0,17,0,1,1,1,1,1,1
3,0,1,4,0,1,1,1,1,1,1
3,0,2,3,0,1,1,1,1,1,1
3,0,0,4,0,1,1,1,1,1,1
4,0,2,9,0,1,1,1,1,1,1
4,0,0,4,0,1,1,1,1,1,1
3,0,2,10,0,1,1,1,1,1,1
6,0,1,11,0,1,1,1,1,0,1
3,0,0,10,0,1,1,1,0,1,1
3,0,1,4,0,1,1,1,1,1,1
6,0,2,14,2,1,1,1,1,1,1
6,0,0,11,0,1,1,1,1,1,1
4,0,1,4,0,1,1,1,1,1,1
5,0,0,2,1,1,1,1,1,1,1
4,0,0,8,0,1,1,1,1,1,1
3,0,1,4,0,1,1,1,1,1,1
3,0,0,24,0,1,1,1,1,1,1
6,0,0,11,0,1,1,1,1,1,1
6,0,0,13,1,1,1,1,1,1,1
4,0,1,4,0,1,1,1,1,1,1
5,0,0,4,0,1,1,1,1,1,1
4,0,0,13,1,1,1,1,1,1,1
4,0,0,8,0,1,1,1,1,1,1
3,0,0,24,0,1,1,1,1,1,1
6,0,2,24,0,1,1,1,1,1,1
4,0,1,4,0,1,1,1,1,1,1
5,0,0,11,0,1,1,1,1,1,1
4,0,0,14,2,1,1,1,1,1,1
2,0,2,17,0,1,1,1,0,1,1
6,0,0,13,1,1,1,1,1,1,1
2,0,2,4,0,1,1,1,1,1,1
5,0,0,8,0,1,1,1,1,1,1
4,0,2,24,0,1,1,1,1,1,1
5,0,0,2,1,1,1,1,1,1,1
3,0,0,24,0,1,1,1,1,1,1
4,0,0,24,0,1,1,1,1,1,1
4,0,1,13,1,1,1,1,1,1,1
3,0,2,4,0,1,1,1,1,1,1
5,0,2,4,0,1,1,1,1,1,1
5,0,0,13,1,1,1,1,1,1,1
4,0,0,8,0,1,1,1,1,1,1
4,0,0,14,2,1,1,1,1,1,1
4,0,2,4,0,1,1,1,1,1,1
4,0,0,4,0,1,1,1,1,1,1
4,0,2,4,0,1,1,1,1,1,1
5,0,0,34,2,1,1,1,0,1,1
2,0,0,4,0,1,1,1,1,1,1
6,0,0,34,2,1,1,1,1,1,1
4,0,0,4,0,1,1,1,1,1,1
5,0,2,8,0,1,1,1,1,1,1
3,0,2,4,0,1,1,1,1,1,1
3,0,0,14,2,1,1,1,1,1,1
4,0,1,4,0,1,1,1,1,1,1
4,0,2,4,0,1,1,1,1,1,1
3,0,1,8,0,1,1,1,1,1,1
6,0,0,13,1,1,1,1,1,1,1
5,0,1,11,0,1,1,1,1,1,1
4,0,0,3,0,0,1,1,0,1,1
4,0,2,4,0,1,1,1,1,1,1
3,0,0,9,0,1,1,1,1,1,1
4,0,0,14,2,1,1,1,1,1,1
4,0,0,8,0,1,1,1,1,1,1
5,0,2,4,0,1,1,1,1,1,1
5,0,0,11,0,1,1,1,1,1,1
4,0,2,4,0,1,1,1,1,1,1
2,0,0,4,0,1,1,1,1,1,1
4,0,0,14,2,1,1,1,1,1,1
3,0,2,4,0,1,1,1,1,1,1
3,0,2,4,0,1,1,1,1,1,1
5,0,0,11,0,1,1,1,1,1,1
4,0,2,4,0,1,1,1,1,1,1
5,0,0,11,0,1,1,1,1,1,1
3,0,0,8,0,1,1,1,1,1,1
3,0,2,8,0,1,1,1,1,1,1
5,1,2,4,0,1,1,1,1,1,1
3,0,1,4,0,1,1,1,1,1,1
4,0,2,4,0,1,1,1,1,1,1
2,0,0,10,0,1,1,1,0,1,1
5,0,0,4,0,1,1,1,1,1,1
6,0,2,11,0,1,1,1,1,1,1
6,0,2,8,0,1,1,1,1,1,1
3,0,1,4,0,1,1,1,1,1,1
6,0,0,14,2,1,1,1,1,1,1
3,0,1,4,0,1,1,1,1,1,1
5,0,0,11,0,1,1,1,1,1,1
7,0,0,13,1,1,1,1,1,1,1
4,0,0,4,0,1,1,1,1,1,1
5,0,0,11,0,1,1,1,0,1,1
4,0,0,13,1,1,1,1,1,1,1
4,0,2,11,0,1,1,1,1,1,1
4,0,0,4,0,1,1,1,1,1,1
6,0,0,7,2,1,1,1,1,1,1
4,0,0,4,0,1,1,1,1,1,1
5,0,2,8,0,1,1,1,1,1,1
4,0,0,7,2,1,1,1,1,1,1
4,0,0,8,0,1,1,1,1,1,1
6,0,2,11,0,1,1,1,1,1,1
3,0,2,8,0,1,1,1,1,1,1
5,0,0,14,2,1,1,1,1,1,1
4,0,1,4,0,1,1,1,1,0,1
5,0,0,8,0,1,1,1,1,1,1
5,0,2,7,2,1,1,1,1,1,1
5,1,0,4,0,1,1,1,1,1,1
4,0,1,11,0,1,1,1,1,0,1
4,0,2,7,2,1,1,1,1,1,1
4,0,2,11,0,1,1,1,1,1,1
3,0,2,4,0,1,1,1,1,1,1
5,0,2,11,0,1,1,1,1,1,1
5,0,0,7,2,1,1,1,1,1,1
2,0,2,4,0,1,1,1,1,1,1
4,0,0,4,0,1,1,1,1,1,1
4,0,1,4,0,1,1,1,1,0,1
3,0,1,4,0,1,1,1,1,1,1
5,0,0,7,2,1,1,1,1,1,1
4,0,0,11,0,1,1,1,1,1,1
3,0,2,8,0,1,1,1,1,1,1
5,0,2,9,0,1,1,1,1,1,1
4,0,2,7,2,1,1,1,1,1,1
6,0,2,11,0,1,1,1,1,1,1
4,0,0,11,0,1,1,1,1,1,1
5,0,0,7,2,1,1,1,1,1,1
5,0,0,13,1,1,1,1,1,1,1
4,0,0,7,2,1,1,1,1,1,1
4,0,2,7,2,1,1,1,1,1,1
4,0,2,4,0,1,1,1,1,1,1
3,1,2,4,0,1,1,1,1,1,1
3,0,1,4,0,1,1,1,1,0,1
4,0,2,11,0,1,1,1,1,1,1
5,0,2,7,2,1,1,1,1,1,1
4,0,2,9,0,1,1,1,1,1,1
4,0,0,7,2,1,1,1,1,1,1
6,0,0,9,0,1,1,1,1,1,1
6,0,0,4,0,1,1,1,1,1,1
4,0,0,11,0,1,1,1,1,1,1
4,0,2,8,0,1,1,1,1,1,1
4,0,1,4,0,1,1,1,1,1,1
5,0,2,9,0,1,1,1,1,1,1
5,0,2,4,0,1,1,1,1,1,1
5,0,0,4,0,1,1,1,1,1,1
4,0,0,7,2,1,1,1,1,1,1
4,0,1,4,0,1,1,1,1,1,1
7,0,0,7,2,1,1,1,1,1,1
4,0,0,4,0,1,1,1,1,1,1
5,0,2,7,2,1,1,1,1,1,1
4,0,2,7,2,1,1,1,1,1,1
3,0,1,4,0,1,1,1,1,1,1
3,0,2,4,0,1,1,1,1,1,1
4,0,2,4,0,1,1,1,1,1,1
5,0,0,7,2,1,1,1,1,1,1
2,0,1,4,0,1,1,1,0,1,1
5,0,2,7,2,1,1,1,1,1,1
4,1,0,9,0,1,1,1,1,1,1
4,0,1,3,0,1,1,1,1,0,1
3,0,1,4,0,1,1,1,1,1,1
3,0,1,4,0,1,1,1,1,1,1
5,0,0,11,0,1,1,1,1,1,1
3,0,2,4,0,1,1,1,1,1,1
5,0,0,9,0,1,1,1,1,1,1
4,0,2,9,0,1,1,1,1,1,1
5,0,0,11,0,1,1,1,1,1,1
4,0,0,4,0,1,1,1,1,1,1
4,0,0,10,0,1,1,1,1,1,1
3,0,0,4,0,1,1,1,1,1,1
7,0,2,9,0,1,1,1,1,1,1
4,0,1,4,0,1,1,1,1,1,1
4,0,0,9,0,1,1,1,1,1,1
5,0,0,4,0,1,1,1,1,1,1
3,0,0,4,0,1,1,1,1,1,1
4,0,0,9,0,1,1,1,1,1,1
3,0,1,4,0,1,1,1,1,1,1
4,0,2,9,0,1,1,1,1,1,1
3,0,0,9,0,1,1,1,1,1,1
6,0,0,7,2,1,1,1,1,1,1
6,0,0,9,0,1,1,1,1,1,1
